<?xml version="1.0" encoding="utf-8"?>
<vector xmlns:android="http://schemas.android.com/apk/res/android"
    android:width="1272.000000dp"
    android:height="1280.000000dp"
    android:viewportWidth="1272.000000"
    android:viewportHeight="1280.000000">

    <group
            android:translateY="1280.000000"
            android:scaleX="0.100000"
            android:scaleY="-0.100000">
        <path
            android:fillColor="#000000"
            android:strokeWidth="1"
            android:pathData="M1 12728 c2 -40 7 -81 13 -90 8 -13 7 -24 -2 -38 -18 -29 -18 -12380 0 -12398 10 -10 10 -17 0 -32 -13 -21 -17 -48 -5 -37 3 4 12 -2 20 -13 14 -20 32 -20 6313 -20 5028 0 6300 3 6307 12 4 7 10 2850 13 6318 l5 6305 3 -6322 2 -6323 -6304 0 c-3467 0 -6318 -3 -6335 -6 -28 -6 -31 -10 -31 -45 l0 -39 6360 0 6360 0 0 6400 0 6400 -6360 0 -6361 0 2 -72z m12639 22 c0 -7 -2095 -10 -6295 -10 -4170 0 -6295 3 -6295 10 0 7 2125 10 6295 10 4200 0 6295 -3 6295 -10z m-10318 -5412 c-2 -22 2 -27 30 -34 18 -4 48 -6 66 -5 19 1 39 -5 49 -15 15 -15 14 -16 -8 -12 -17 2 -27 -3 -34 -19 -9 -22 -25 -31 -25 -15 0 4 -21 8 -47 9 -73 3 -110 12 -117 29 -3 8 -2 13 3 10 15 -10 19 30 5 49 -7 10 -30 21 -51 26 -28 5 -15 7 47 6 l85 -2 -3 -27z m6578 17 c7 -8 21 -15 30 -15 28 0 51 -11 44 -21 -3 -5 3 -12 13 -16 10 -3 26 -13 37 -22 10 -9 35 -16 57 -16 34 0 38 2 33 21 -5 20 -2 21 53 17 32 -2 62 -8 67 -13 6 -6 18 -10 28 -10 12 0 19 -8 20 -22 0 -13 2 -27 3 -33 2 -5 3 -20 4 -32 1 -13 12 -27 29 -35 33 -16 27 -34 -10 -32 -16 1 -28 -2 -28 -7 0 -19 -19 -8 -22 14 -4 26 -41 35 -66 15 -15 -12 -16 -11 -3 5 12 15 11 17 -15 18 -16 1 -32 1 -36 0 -4 0 -12 7 -17 17 -8 15 -3 17 56 14 58 -3 65 -2 59 13 -3 9 -6 23 -6 31 0 27 -88 12 -111 -19 -4 -5 -29 -10 -56 -10 -42 -2 -49 1 -45 15 3 12 -6 22 -29 33 -19 9 -50 24 -69 34 -19 11 -39 16 -44 13 -5 -3 -7 2 -3 11 3 10 2 17 -2 17 -5 0 -11 7 -15 15 -3 10 1 15 13 15 10 0 24 -7 31 -15z m-406 -192 c-10 -7 -14 -13 -8 -14 5 -1 20 -2 34 -2 14 -1 24 -7 23 -14 -2 -6 6 -15 17 -18 11 -4 20 -11 20 -16 0 -5 6 -9 14 -9 21 0 31 -57 16 -86 -17 -31 -30 -21 -30 22 0 20 -6 42 -14 50 -21 21 -46 -7 -47 -54 -1 -37 -1 -37 -8 -7 -4 17 -16 46 -26 65 -18 33 -21 39 -24 57 0 4 -9 -3 -18 -16 l-16 -24 -9 22 c-9 26 -3 41 16 41 8 0 16 9 19 20 5 18 8 19 32 8 25 -11 25 -13 9 -25z m1826 -298 c0 -18 5 -25 20 -25 13 0 20 -7 20 -20 0 -11 -9 -28 -20 -37 -11 -10 -20 -25 -20 -35 0 -19 -15 -24 -25 -8 -9 15 -35 12 -35 -4 0 -17 -59 -30 -75 -16 -6 5 -15 7 -18 3 -4 -3 -7 1 -7 10 0 8 -3 23 -6 31 -5 12 -2 15 10 10 11 -4 16 -1 16 11 0 9 -4 13 -10 10 -5 -3 -10 -1 -10 4 0 10 5 12 25 11 3 0 19 7 35 15 17 9 30 12 30 9 0 -4 11 3 25 16 19 18 22 26 13 32 -9 5 -6 8 10 8 17 0 22 -6 22 -25z m-8371 -171 c2 -2 -8 -8 -22 -13 -18 -7 -25 -15 -21 -26 4 -10 0 -15 -12 -15 -18 -1 -18 -1 0 -15 18 -13 18 -16 4 -32 -17 -21 -35 -52 -23 -41 10 9 65 -22 65 -37 -1 -38 -63 -45 -86 -10 -9 14 -14 32 -10 40 7 18 -5 20 -22 3 -14 -14 -14 -13 -16 25 -1 17 3 27 11 27 8 0 23 9 35 20 19 17 19 20 5 26 -20 7 -23 50 -4 57 12 4 89 -3 96 -9z m828 -114 c3 -11 14 -20 24 -20 12 0 16 5 13 14 -3 9 3 17 16 21 29 9 37 -1 17 -22 -8 -10 -17 -38 -19 -62 -2 -25 -9 -46 -15 -49 -7 -2 -13 2 -13 9 0 7 -7 21 -16 31 -13 13 -14 21 -5 31 6 8 8 17 4 20 -9 9 -33 9 -32 0 5 -29 -3 -35 -16 -13 -8 14 -14 19 -15 11 0 -10 -11 -12 -45 -8 -29 4 -43 2 -40 -4 4 -5 14 -8 22 -7 9 2 18 -2 20 -8 3 -8 -14 -12 -52 -13 -30 0 -55 4 -55 9 0 6 5 10 12 10 6 0 3 7 -8 15 -10 8 -14 15 -9 15 6 1 33 2 62 3 34 1 58 8 70 20 24 24 73 23 80 -3z m1976 -30 c3 -12 14 -20 26 -20 21 0 22 -3 25 -37 0 -10 10 -22 21 -27 18 -8 17 -9 -12 -22 -18 -8 -33 -21 -33 -29 0 -8 -7 -15 -16 -15 -9 0 -23 -8 -30 -17 -10 -13 -13 -14 -14 -4 0 11 -3 11 -15 1 -20 -17 -36 -3 -29 26 5 18 0 29 -17 43 -13 11 -28 16 -34 12 -5 -4 -22 -8 -37 -10 -23 -2 -28 2 -28 19 0 13 -9 24 -25 30 -20 8 -23 13 -16 32 11 31 28 34 36 6 10 -30 25 -39 47 -27 10 6 22 7 27 4 5 -3 11 -1 13 4 1 5 18 11 37 13 40 5 53 24 19 31 -15 3 -11 5 13 6 29 1 38 -3 42 -19z m1680 -137 c-5 -12 -2 -15 9 -11 9 4 26 -6 43 -24 22 -23 28 -40 30 -83 3 -62 9 -75 34 -75 10 0 24 -7 31 -15 7 -8 21 -15 31 -15 10 0 22 -8 28 -17 7 -14 9 -6 7 29 -2 36 -9 54 -29 74 -24 24 -34 44 -23 44 3 0 17 -5 31 -10 23 -9 26 -8 21 5 -3 9 -2 13 4 10 15 -9 13 -181 -2 -183 -7 -1 -25 -4 -39 -7 -21 -5 -29 -1 -44 21 -10 16 -18 34 -18 42 0 7 -13 16 -30 19 -17 3 -33 15 -39 29 -6 12 -21 25 -34 28 -24 6 -24 6 -4 26 11 11 20 26 20 34 0 21 -30 48 -47 42 -8 -3 -17 -6 -19 -6 -2 0 -4 -9 -4 -20 0 -11 -7 -20 -16 -20 -8 0 -12 -5 -8 -11 4 -7 -1 -10 -12 -7 -11 2 -18 7 -16 11 1 4 2 16 2 26 0 18 33 38 53 33 4 -1 7 9 7 22 0 13 6 26 13 29 18 7 27 -2 20 -20z m3713 0 c-11 -3 -15 -8 -8 -12 6 -3 14 -19 17 -34 6 -23 4 -27 -13 -27 -14 0 -24 -10 -32 -35 -7 -22 -18 -35 -29 -35 -9 0 -22 -5 -29 -12 -7 -7 -13 -9 -13 -5 -1 4 -3 10 -4 15 -2 4 -6 17 -10 30 -4 12 -10 22 -14 22 -3 0 -12 4 -20 9 -12 8 -12 11 0 23 27 24 58 38 74 32 10 -4 15 0 15 11 0 11 -5 15 -15 11 -8 -3 -15 -1 -15 4 0 6 26 9 58 9 31 -1 48 -4 38 -6z m-7762 -79 c14 -5 14 -9 4 -22 -11 -13 -10 -15 5 -9 14 5 17 1 17 -27 0 -19 5 -36 12 -38 6 -2 9 -11 6 -19 -7 -18 -108 -26 -108 -9 0 5 -5 10 -11 10 -5 0 -8 -4 -5 -8 3 -5 -2 -9 -10 -9 -17 0 -28 37 -19 66 3 11 11 18 18 15 7 -2 23 9 37 26 26 32 30 33 54 24z m4965 -63 c12 -7 18 -23 19 -47 1 -21 6 -42 12 -48 17 -17 12 -56 -7 -56 -42 0 -63 13 -63 36 0 28 -19 42 -31 23 -5 -8 -9 -10 -9 -6 0 4 -6 2 -13 -5 -8 -6 -11 -22 -9 -35 5 -26 -15 -32 -24 -8 -4 8 -12 15 -20 15 -15 0 -21 69 -6 71 29 5 62 4 62 -3 0 -4 5 -8 11 -8 5 0 8 4 5 9 -9 14 24 71 40 71 9 0 23 -4 33 -9z m-4845 -138 c-3 -14 4 -28 21 -41 14 -11 25 -27 25 -36 0 -14 -8 -16 -40 -13 -32 3 -41 0 -46 -16 -3 -10 -2 -23 3 -28 5 -5 7 -25 5 -44 -4 -30 -8 -35 -29 -35 -25 0 -25 0 -19 70 3 39 8 75 11 80 3 4 0 10 -6 12 -9 3 -9 13 0 41 10 30 16 36 26 27 10 -8 15 -6 20 9 5 17 9 18 19 8 8 -6 12 -22 10 -34z m-124 -153 c8 -14 8 -26 0 -40 -9 -16 -8 -20 5 -20 8 0 15 -6 15 -14 0 -11 8 -11 40 -3 35 10 40 15 40 40 0 19 4 26 12 21 6 -4 17 0 23 10 24 32 49 5 48 -51 0 -6 5 -9 12 -6 17 6 30 -36 17 -49 -8 -8 -20 -3 -42 15 -31 26 -60 27 -60 1 0 -8 -7 -15 -15 -15 -8 -1 -21 -2 -27 -3 -17 -2 -57 23 -90 57 -32 32 -32 31 -16 57 16 25 25 25 38 0z m6345 -227 c-6 -38 -6 -38 29 -39 37 -1 60 -13 39 -21 -10 -4 -9 -8 2 -19 8 -9 19 -13 24 -9 6 3 14 -2 20 -12 7 -13 23 -18 63 -18 29 -1 45 1 36 3 -11 2 -18 15 -20 40 -3 32 -7 38 -37 48 -19 6 -36 19 -37 28 -2 12 2 16 13 12 8 -3 30 -6 49 -6 19 0 33 -3 33 -7 -4 -27 3 -43 21 -43 21 0 27 -15 10 -25 -17 -10 -2 -24 20 -18 11 3 20 0 20 -6 0 -6 -12 -12 -27 -12 -20 -1 -14 -4 20 -11 63 -14 60 -24 -8 -23 -30 0 -55 -3 -55 -6 0 -4 -44 -6 -97 -4 -54 2 -115 4 -136 5 -53 0 -44 25 9 26 40 1 98 23 63 24 -9 0 -32 15 -52 33 -20 17 -44 39 -54 47 -16 14 -15 15 15 18 20 2 32 9 32 18 0 8 3 14 6 14 3 0 3 -17 -1 -37z m2205 -55 c0 -17 25 -33 48 -32 31 2 28 -9 -8 -24 -39 -18 -44 -16 -45 10 0 41 -32 32 -60 -16 -28 -49 -29 -49 -60 -37 -18 7 -45 -7 -45 -24 0 -11 29 -36 37 -33 4 2 9 -4 11 -12 3 -18 -43 -25 -91 -14 -21 4 -27 11 -25 26 2 12 12 26 23 32 10 6 26 17 33 24 13 11 11 14 -7 19 -30 8 -21 25 19 36 23 6 35 5 40 -4 11 -17 33 0 27 22 -4 13 0 19 12 19 9 0 22 9 29 20 10 17 16 18 37 8 14 -6 25 -15 25 -20z" />
    </group>
</vector>